r: -0.250237 -0.198710 -0.198710 2.260086 -12.612430 
i: 0.000000 0.813313 -0.813313 0.000000 0.000000 
a: 0.000000  0.000000  0.000000  -0.000000  0.000000  