r: 1.000000 -1.000000 -1.000000 
i: 0.000000 2.000000 -2.000000 
a: 0.000000  0.000000  0.000000  