r: -0.356062 -0.356062 1.241677 1.970446 
i: 0.162758 -0.162758 0.000000 0.000000 
a: 0.000000  0.000000  0.000000  0.000000  