n : 32
x[0] = 1.200483
x[1] = 1.158611
x[2] = 1.594239
x[3] = 0.166005
x[4] = 1.710798
x[5] = 1.801922
x[6] = 1.220548
x[7] = 1.386428
x[8] = 0.958678
x[9] = -0.213381
x[10] = 1.563813
x[11] = 2.239414
x[12] = 0.293457
x[13] = 0.199223
x[14] = 1.542796
x[15] = 2.730713
x[16] = 2.645681
x[17] = 2.106283
x[18] = 0.203795
x[19] = -0.351376
x[20] = -0.778013
x[21] = 0.290373
x[22] = 1.644817
x[23] = 2.956786
x[24] = 3.693313
x[25] = 1.225411
x[26] = 0.679805
x[27] = 0.399413
x[28] = -0.031147
x[29] = 0.623919
x[30] = 1.888847
x[31] = 1.645662
¿ÀÂ÷ : 0.000000
